id,num_sold
230168,537.1932852539499
230258,436.73502514151903
230348,443.77272777184595
230438,432.99787332052074
230528,435.706734488944
230618,431.3109683297669
230708,453.4494682525816
230798,502.76359637899884
230888,399.9354736736206
230978,411.5698056414287
231068,392.7541637099025
231158,386.52729342202326
231248,408.5628045210175
231338,435.6445388243886
231428,474.6237386130214
231518,376.44473165077017
231608,397.5516279459117
231698,399.3399468154645
231788,382.6455544190724
231878,402.60359997898667
231968,419.0918111544303
232058,463.4516158964019
232148,358.6310969253117
232238,380.5396855526723
232328,375.9977423540571
232418,388.5375472095073
232508,396.1851342710597
232598,423.791407728322
232688,453.57578834490664
232778,365.41419157690416
232868,387.7390084914473
232958,357.6341428289823
233048,376.86739999122665
233138,387.31449970365185
233228,383.0203518676822
233318,437.2468461174891
233408,356.9454989436697
233498,357.425902287226
233588,375.5605604765427
233678,372.0084645466642
233768,382.7501101573164
233858,382.6920260468808
233948,405.2975940644073
234038,340.8221475262996
234128,342.3647641018627
234218,352.6959071411757
234308,347.5946046636606
234398,363.28821334385873
234488,399.80539790035186
234578,400.5506372215903
234668,327.6202522238442
234758,333.8811670868856
234848,344.3537692741458
234938,340.73688401543825
235028,381.1779412630454
235118,378.21743147068656
235208,405.82069563598776
235298,330.71826846631507
235388,330.1520603423032
235478,334.7141255205987
235568,337.47667668605897
235658,365.04506859464266
235748,379.4194282708498
235838,385.9550237909774
235928,322.37569250412025
236018,325.4008626271967
236108,333.3019474814153
236198,335.31911039370334
236288,348.9610161531054
236378,375.01207536068864
236468,386.49743702959165
236558,325.78684874165145
236648,318.5544507871981
236738,322.87995156507253
236828,324.2700873974889
236918,337.4537430760027
237008,370.10579704132505
237098,388.5850110431561
237188,327.52536977474284
237278,325.05439778136116
237368,320.6707889353031
237458,326.04800069309965
237548,335.8604744034674
237638,363.54019821608705
237728,393.80528625907414
237818,330.00401718551956
237908,329.42821686634034
237998,324.1931363369063
238088,340.48258543364324
238178,336.93347200476506
238268,382.6710306608283
238358,404.03616768584266
238448,323.8576716631683
238538,337.26248591762476
238628,327.22142159535724
238718,336.45358068846156
238808,350.8373511901726
238898,377.521079284594
238988,395.74896075911926
239078,318.95301738519544
239168,320.0773067756066
239258,319.05351686504724
239348,328.78830224661493
239438,357.87896899623513
239528,376.47428949224206
239618,410.4311827674302
239708,323.94216134213144
239798,327.22136756974714
239888,328.79243802289943
239978,355.4882560791922
240068,361.14039665727984
240158,405.38803509488497
240248,410.5432027175389
240338,327.13502228947095
240428,333.0574077228046
240518,366.27739832240593
240608,338.4274843517311
240698,382.74994455273225
240788,404.7227310440064
240878,424.73225307377083
240968,348.62512027278717
241058,355.6585286466605
241148,345.5162188727103
241238,348.7300764344655
241328,381.51499602400384
241418,389.8474561886273
241508,412.6474740022765
241598,332.3421232109862
241688,336.51852604464597
241778,335.09237257586454
241868,351.2772543515817
241958,387.2540991446771
242048,392.3293589792159
242138,415.4728069064548
242228,337.72387242764154
242318,332.91055188561194
242408,349.032842276222
242498,349.6890022035635
242588,391.9017196261685
242678,389.6914278635125
242768,424.179317107354
242858,342.17856056689305
242948,354.59830799628935
243038,336.3261938859834
243128,353.4718619555196
243218,374.072705093056
243308,383.0713673092791
243398,429.48298727334986
243488,341.9412670893863
243578,379.1318570154894
243668,370.99189818110597
243758,384.7817315980225
243848,416.9721610967956
243938,425.481377823041
244028,460.9334653306329
244118,406.3476113501083
244208,388.0206687273546
244298,374.9444313118198
244388,401.0391652219485
244478,407.52528266839283
244568,425.55189863635036
244658,461.9735539224861
244748,389.3966435428577
244838,387.04627688936023
244928,387.7207701093383
245018,394.1488084393181
245108,403.7208872787778
245198,417.30291231229944
245288,469.23239037003106
245378,385.2784034748365
245468,384.8212263220073
245558,389.74773207733995
245648,383.8970945373835
245738,405.9062939831946
245828,422.9776711017947
245918,479.78800272243933
246008,382.2951373163617
246098,399.0120836772024
246188,389.1722348442665
246278,392.1461361894255
246368,419.22789648344406
246458,440.63220583110314
246548,483.82380166612114
246638,404.16667648809084
246728,402.020518932965
246818,389.0761956934135
246908,383.86373813495504
246998,418.9068365261605
247088,452.43099796738045
247178,492.00030155959354
247268,412.4515936628129
247358,403.08282849322717
247448,397.0000863688805
247538,409.69063903051216
247628,419.6854223028089
247718,455.4373504035531
247808,496.16044188552377
247898,404.08785522109264
247988,412.72659627060455
248078,396.9324582348002
248168,419.9676131392909
248258,433.29747054651125
248348,459.8639104313141
248438,511.22300420215925
248528,417.9845531597855
248618,411.69456728347967
248708,415.22521084217306
248798,415.7377644692605
248888,443.3985520241683
248978,463.30635479569247
249068,488.5358122809159
249158,420.12483343892296
249248,416.36986204512255
249338,401.60608218697183
249428,411.20480690783063
249518,438.1934040620265
249608,463.67736944691336
249698,512.129442442014
249788,413.44407713594666
249878,415.8450333080993
249968,422.1171806764808
250058,424.37349128506867
250148,440.0082294456218
250238,471.73760568259183
250328,509.4607793132068
250418,424.5100244003038
250508,426.8131677520605
250598,429.9318517094018
250688,432.5909074454051
250778,442.84071800293185
250868,487.68130910976674
250958,533.0089859959787
251048,430.6727739429224
251138,421.9932935634087
251228,435.6734249619111
251318,423.52423282778113
251408,442.19051879615023
251498,486.26240189179714
251588,514.6329133359257
251678,433.0836889935519
251768,428.5128614529728
251858,442.1664172904058
251948,442.28703900008657
252038,452.02415059571285
252128,497.44208661665465
252218,546.5071167295986
252308,438.9440813513394
252398,436.81702489657374
252488,430.3031912668727
252578,436.74757476914516
252668,462.3170616431755
252758,502.22382386618125
252848,549.3934181397932
252938,434.1028957573425
253028,431.9340003809045
253118,434.0933679182812
253208,440.7141250267708
253298,469.86930984246237
253388,500.96977851279934
253478,543.0869224779855
253568,438.267200195257
253658,433.4860775128424
253748,430.465431062827
253838,438.2452019610695
253928,469.6830210694015
254018,507.1045039461157
254108,530.5079013705936
254198,427.5990134313321
254288,432.02027226500456
254378,446.7032643793768
254468,443.71339334025214
254558,464.674890632362
254648,502.942414305688
254738,557.3028206848888
254828,445.64789862279105
254918,440.91158135728125
255008,441.93658561115126
255098,452.7758510738564
255188,477.83119093614215
255278,502.76290503287845
255368,549.3812590873916
255458,447.19828489395866
255548,443.98496570665736
255638,444.96323548398533
255728,450.88424532587084
255818,473.9233264193268
255908,501.2324099351823
255998,543.157833343968
256088,449.3365824690823
256178,442.7764923416606
256268,436.95825265691775
256358,436.18772614399944
256448,465.83217797955905
256538,497.0400487114066
256628,549.9735508120932
256718,455.3594577968085
256808,429.5858421205846
256898,426.24167677815876
256988,428.0405771532882
257078,462.72725107799204
257168,494.1851508084449
257258,535.9145976007276
257348,447.85987044388247
257438,432.46737388521
257528,425.7448713718572
257618,432.55262754323127
257708,473.5348235504436
257798,490.4013710393686
257888,551.2547160216006
257978,446.7518363474215
258068,433.4835647950699
258158,423.312914954596
258248,432.1870388480954
258338,456.99769466230407
258428,490.7684528621528
258518,526.608248202886
258608,431.3107578409734
258698,413.1186072849439
258788,414.97570971779686
258878,424.3877230862221
258968,448.19191928494047
259058,498.1450710487555
259148,541.0510577506833
259238,410.7650814748548
259328,410.9859769447654
259418,412.5538871755827
259508,415.2643790815706
259598,450.47748960221656
259688,465.6244763521349
259778,484.03506239105974
259868,408.71324445820596
259958,407.5460213419438
260048,412.85328761972056
260138,409.9595317985342
260228,445.36883077023947
260318,500.7725612104505
260408,527.7158319289183
260498,420.9243120332511
260588,416.4343837272442
260678,401.9775212381193
260768,410.76953619160935
260858,442.29758167003166
260948,468.7487875210789
261038,497.82571379493794
261128,417.57930619285156
261218,403.0072396695136
261308,409.15630958598956
261398,377.14058759597094
261488,431.1417669752274
261578,455.73712540245475
261668,480.9204481864612
261758,373.39117049550197
261848,389.06849969908916
261938,399.3180489606655
262028,369.211981973304
262118,415.9823525041623
262208,454.99739992923384
262298,483.95309836805006
262388,406.0611670020756
262478,428.8352901628527
262568,439.4776764101393
262658,437.32169409679176
262748,421.4040659495164
262838,452.5639400350732
262928,491.2548216671948
263018,381.769554677283
263108,396.4910912489437
263198,390.15612727532647
263288,384.6152787194836
263378,412.6862836290982
263468,442.3647186693875
263558,456.9842463582859
263648,357.7751146400432
263738,380.6416553705442
263828,370.8422784273301
263918,391.46027475783944
264008,392.6444105106939
264098,387.53159475263334
264188,435.4922362904494
264278,347.588215438462
264368,367.86671227980685
264458,363.3768320032083
264548,371.49520772803106
264638,378.072473870871
264728,378.86190333114706
264818,384.32076720417456
264908,328.43604991995045
264998,346.7881143858917
265088,345.79713515476953
265178,355.46650549773506
265268,374.9314693445412
265358,376.1402740522535
265448,411.0095363442974
265538,325.26021681992864
265628,328.37077844206334
265718,337.9025358474196
265808,344.08198152503684
265898,357.1467877000186
265988,367.0442709909231
266078,406.46931914315184
266168,321.7655548642405
266258,330.2000056713545
266348,342.81385055274393
266438,336.1817937721785
266528,352.074847843745
266618,368.2253639239349
266708,373.26078158361895
266798,320.5241893387613
266888,331.82584058916257
266978,337.806837925676
267068,330.2201454805336
267158,341.0610412768655
267248,344.3698051041057
267338,366.85179969988616
267428,317.7863521832182
267518,323.2211609939712
267608,325.0639754358233
267698,329.48509466041537
267788,337.96507840365837
267878,342.4316760543102
267968,376.91397090236615
268058,318.9394371573233
268148,321.26251215014975
268238,324.1200254297561
268328,329.1750742690651
268418,329.5939378915412
268508,338.0670082315497
268598,362.6182111959376
268688,313.6725920078144
268778,318.07735562691767
268868,324.3126473130229
268958,326.5575878504221
269048,331.66344425101994
269138,334.009282556152
269228,368.37560754199336
269318,321.4456877469313
269408,321.1405869557899
269498,310.66585844352454
269588,313.2215354368723
269678,319.58036008270244
269768,322.3714873752968
269858,354.3635671107702
269948,315.86389509214143
270038,316.260325298992
270128,317.1476618059933
270218,312.04854213077914
270308,320.6996248264035
270398,326.56167937034985
270488,342.4931945289899
270578,313.36709017041505
270668,320.5824603981193
270758,320.6072155808836
270848,313.19530806645355
270938,326.2388620894965
271028,320.05307475170014
271118,354.08898610520237
271208,317.8234048681118
271298,321.55288012947096
271388,323.0627380671926
271478,320.83440132567074
271568,325.44669496618627
271658,337.1987700227938
271748,361.59618770653236
271838,316.7117104362385
271928,318.69895369172895
272018,318.07007196587733
272108,307.9132975371279
272198,316.95329074688067
272288,321.9064934034897
272378,351.95360370354484
272468,317.5257196766136
272558,313.00305835799367
272648,318.79650029895373
272738,310.78492282532017
272828,331.4933146947031
272918,333.7560568087883
273008,373.6580744152471
273098,319.42964161848596
273188,321.49526138115436
273278,326.45520385969115
273368,318.80379763169935
273458,336.4007015957994
273548,362.30142978988204
273638,372.7213167709657
273728,320.65471633185876
273818,316.6292792791512
273908,324.33602925966136
273998,321.8183636132679
274088,335.5406503045553
274178,359.5580832179053
274268,368.6224214830069
274358,320.4822204864461
274448,318.1788422686482
274538,313.1051919869866
274628,315.84489098473324
274718,332.11629472473317
274808,345.31599411341807
274898,373.39864712659704
274988,318.64076552937684
275078,316.7688896702127
275168,316.3362583839784
275258,320.3279100739652
275348,337.714497555812
275438,354.40776157504314
275528,381.8213498485266
275618,318.7165494476184
275708,318.5759302833486
275798,312.82951836213493
275888,315.94630740576696
275978,332.06991192825103
276068,355.79023353746743
276158,392.1043383775065
276248,324.7395348239762
276338,319.1236124353712
276428,321.75023770161897
276518,323.61389707683526
276608,348.47500823208964
276698,372.96250960234573
276788,407.2176249236935
276878,334.1743413412779
276968,321.87002444875026
277058,325.64047144591405
277148,322.2628277898787
277238,363.0312151527977
277328,375.55050499830213
277418,412.7876853372419
277508,347.1920591418989
277598,341.45069198800854
277688,339.8707002590005
277778,332.6837435116155
277868,363.89535542549436
277958,383.95510533944315
278048,423.1788961183065
278138,346.3202654232535
278228,344.89016710015045
278318,350.9655719241124
278408,338.5093499333346
278498,360.99625087011447
278588,388.2825163904395
278678,423.4744535723444
278768,336.8674620146907
278858,337.7591851718944
278948,332.91481565771085
279038,337.3085177552386
279128,376.109813951807
279218,397.7035704035653
279308,431.94217105220577
279398,366.4090162908621
279488,339.94523110087687
279578,337.03160509405643
279668,345.7718272611576
279758,382.24975364855726
279848,406.83332158593953
279938,435.3752920175286
280028,362.24855060371266
280118,350.2484396050106
280208,339.19265398940513
280298,345.70614106926826
280388,381.6149239772402
280478,404.2762815528118
280568,436.18714633551025
280658,361.29046564177844
280748,361.8974451682874
280838,353.5600495651401
280928,368.23019845866685
281018,387.7069815839357
281108,409.36109296014365
281198,439.2311493729314
281288,387.99853884964455
281378,367.2285265657416
281468,365.6946067530415
281558,365.6185090870369
281648,395.40136674092366
281738,433.9561255615415
281828,454.5704934613189
281918,381.17210120520923
282008,381.8015322015446
282098,366.847842957413
282188,364.3415357055009
282278,401.824708022528
282368,424.2962716942285
282458,465.69527779243367
282548,384.08146220376915
282638,387.3931787917186
282728,354.8266625289746
282818,387.8263604297615
282908,405.92989580766465
282998,428.8019767973857
283088,460.00367117595897
283178,390.26827463368755
283268,376.2765873591202
283358,397.76123713825444
283448,409.6526449703753
283538,412.76026425834925
283628,440.0823728307412
283718,460.5329463386593
283808,387.22608842084014
283898,374.6444735095977
283988,383.2823612215167
284078,384.00424100842906
284168,411.26400738333194
284258,413.5529025552053
284348,472.34311475811603
284438,393.0813692287434
284528,378.37645388396186
284618,385.20918139398236
284708,385.8742956361627
284798,428.2578877229224
284888,438.99031096153055
284978,488.5208335909714
285068,415.57177711337613
285158,398.05678238485376
285248,380.1329642616671
285338,404.37308544349384
285428,424.86625436055897
285518,456.06926088530884
285608,481.6656853310802
285698,405.1234106948227
285788,401.2824194188622
285878,404.5145583068428
285968,416.05513236107686
286058,440.9775567513292
286148,435.66793943520713
286238,489.25275880504233
286328,404.7002603893781
286418,385.5607888116446
286508,386.61220431567193
286598,417.2636516982
286688,442.42351280800915
286778,453.59993698407084
286868,486.6712076229932
286958,429.32389401022596
287048,405.9664117959392
287138,407.61057518092787
287228,414.98521250580524
287318,441.82265318780634
287408,452.49696983099386
287498,477.17767988574286
287588,413.30908072129483
287678,412.29113471353264
287768,391.93826642503944
287858,431.17728224674687
287948,453.26358854114653
288038,460.8191432575243
288128,503.3847387764818
288218,420.6369872162525
288308,420.7772220335706
288398,395.512315959207
288488,423.0003044064518
288578,446.32851545358045
288668,465.8731468357045
288758,487.80903928756993
288848,415.50794426402297
288938,409.6119821728342
289028,409.84782966278897
289118,433.8844106601735
289208,457.8157607323147
289298,455.7765950642419
289388,492.1403870548129
289478,392.4088073024508
289568,406.93231903540504
289658,391.80821716574934
289748,411.3549617184626
289838,439.62498141139207
289928,459.6948022145827
290018,486.57933650086864
290108,399.2772636620162
290198,421.18907417561644
290288,406.4053573911478
290378,424.7274003799725
290468,455.459997268719
290558,450.9371361983858
290648,505.77830808378474
290738,397.20731592036543
290828,411.3929967402577
290918,411.66438639169644
291008,410.18302959673184
291098,433.1602970726446
291188,463.8080681359963
291278,485.1053871418526
291368,403.9031626807735
291458,384.8066656388638
291548,387.42099931880796
291638,397.81808250085754
291728,439.98236046500057
291818,449.7841345440415
291908,475.09762100994976
291998,407.48861083221294
292088,395.54845850134365
292178,384.7880039247446
292268,389.0744969357317
292358,423.701292613565
292448,434.38315243671224
292538,468.7072467434297
292628,396.4137424113828
292718,387.7140196177162
292808,386.7831926297931
292898,403.40542111802387
292988,430.603715772686
293078,432.32238374057664
293168,477.62266581988064
293258,384.44540255365854
293348,393.53906796795786
293438,381.429340340146
293528,388.25491075741155
293618,429.38546289498606
293708,430.08295867092573
293798,472.24297076387705
293888,387.09842756567616
293978,411.4351092454508
294068,381.43045583511633
294158,391.2071240532636
294248,410.545761502831
294338,428.0612374419421
294428,466.0558674670632
294518,375.8764691010572
294608,388.5119750495935
294698,396.98721507689675
294788,390.00205392452654
294878,387.41100275391864
294968,420.8254151050799
295058,465.9296895737255
295148,392.91039977389437
295238,406.98419468533245
295328,415.54446926729486
295418,421.5548201697063
295508,425.37739131073135
295598,455.1688504623326
295688,503.2443003996401
295778,372.16840345752126
295868,404.16041173573785
295958,413.4430149557573
296048,401.80883521747126
296138,414.1108312867189
296228,420.4757009893931
296318,447.2932114360825
296408,352.58958879566194
296498,374.782899645279
296588,382.8493977036101
296678,388.7335296321306
296768,382.6650623517142
296858,391.0399860953264
296948,432.2144101454647
297038,340.3212160764981
297128,369.5902545146461
297218,384.91605579922447
297308,379.6656080831886
297398,383.12460948064796
297488,375.8637959905371
297578,411.58336833629863
297668,332.0941674830356
297758,363.55284510934644
297848,381.1336828526633
297938,381.14717595797447
298028,374.5358907745784
298118,379.6084568539901
298208,405.5517772154287
298298,329.9465229231162
298388,347.08028738119316
298478,378.20323479856734
298568,376.52950620571403
298658,363.20218563219805
298748,381.4648302712395
298838,383.0288952859618
298928,327.34517316120997
299018,345.5528957233922
299108,379.4324527783353
299198,350.1515042335929
299288,369.6816453215133
299378,365.11131359805336
299468,377.4749857647537
299558,324.4482882265501
299648,342.6251694827817
299738,369.58809996839136
299828,346.61531555138737
299918,347.00299036460086
300008,370.30422495565927
300098,359.3717940300271
300188,324.283155971618
300278,332.3939029721693
300368,347.72625853941696
300458,335.22816799907446
300548,340.92922752498157
300638,363.33992426282254
300728,384.61326721531725
300818,328.74181513482785
300908,330.6824576955392
300998,336.8696491223619
301088,337.5063710059355
301178,337.2454902649257
301268,351.2589924369472
301358,365.0841110447276
301448,321.29166301193754
301538,326.76667888324954
301628,331.08107344503486
301718,339.62024488581847
301808,337.4893528566955
301898,340.91048842878484
301988,353.22730093525894
302078,316.34766366045443
302168,322.9250103405875
302258,325.50221294117176
302348,316.37975131908786
302438,336.08489981296685
302528,332.6790987929768
302618,346.72586690949277
302708,320.4334818238219
302798,314.49914866377003
302888,318.637621187091
302978,318.4320008800519
303068,330.0804955033144
303158,334.18323411681706
303248,346.4965693084538
303338,318.70117967152544
303428,320.95094059720594
303518,324.6172872387802
303608,321.66388965669336
303698,323.69856659590835
303788,347.29485211799835
303878,369.04201858582536
303968,322.04460176927427
304058,322.94292901839265
304148,322.25204442666615
304238,311.8965762870983
304328,320.5607739899744
304418,342.6067220081388
304508,351.5125787213064
304598,325.09289271735094
304688,321.996073057954
304778,315.6690899447652
304868,319.05994623084587
304958,323.01559983221625
305048,330.33237109772523
305138,356.90301242113674
305228,319.8486211937964
305318,317.9413885735469
305408,319.4111387379866
305498,317.7669031240235
305588,321.2912974347068
305678,342.7649345603759
305768,360.736787564271
305858,323.288396450977
305948,314.2290206264677
306038,317.17665908147376
306128,325.98388128612726
306218,357.72214669956634
306308,365.64182806304666
306398,379.6248586405378
306488,324.51347687313205
306578,320.7403814487793
306668,328.304545719072
306758,323.63145072477164
306848,343.2921370103734
306938,357.5237709888726
307028,381.21921688991364
307118,323.37383411378016
307208,322.6220451328239
307298,318.79712140942166
307388,320.0803167399694
307478,333.9918933388878
307568,360.8502569044328
307658,398.847008821952
307748,314.04191468808625
307838,315.4429174040333
307928,318.5899749731541
308018,323.3185640027194
308108,344.06918782677917
308198,364.39696018203006
308288,378.1968507600607
308378,316.93508926155306
308468,321.1561487727876
308558,321.4653824218125
308648,318.70654401407415
308738,356.92214404206857
308828,380.23958647385587
308918,404.23436508724865
309008,320.57799783704655
309098,322.8563204943894
309188,322.4913309318217
309278,321.22995656526916
309368,354.52937566391205
309458,375.6183373214273
309548,415.62049102650496
309638,336.79922966184495
309728,330.18827294277986
309818,334.60242966835403
309908,338.81096653742577
309998,364.4997702064361
310088,382.3244282215387
310178,417.37652988377516
310268,366.93448336304306
310358,332.55943250372803
310448,343.1999336709064
310538,345.77991771888145
310628,369.39904980451615
310718,395.00780129874727
310808,419.7759988699677
310898,342.28528152805205
310988,340.22525255968
311078,339.7531899765216
311168,347.9303728324411
311258,373.5592009307719
311348,392.18860797142645
311438,429.33187499754865
311528,351.39941363966693
311618,334.9002955782782
311708,340.80924937879416
311798,350.2852818398307
311888,391.37354620941403
311978,403.53952312067923
312068,438.14983580071873
312158,342.41953757997334
312248,351.18752660971415
312338,332.77938822195176
312428,363.4552281763855
312518,382.48203470639083
312608,398.1732129803114
312698,436.4988523261769
312788,348.9847577173012
312878,365.4294820641505
312968,349.70441487190135
313058,367.54073555054316
313148,386.2968403116454
313238,418.2114017779365
313328,452.7668136742068
313418,376.7892644948799
313508,366.99580592128154
313598,377.40110730966427
313688,369.4765413100469
313778,391.11114889616795
313868,413.11217710184405
313958,472.32083466163823
314048,364.8857368031805
314138,368.54496743484134
314228,373.21888302282895
314318,371.3013400891204
314408,388.09383774555323
314498,418.9980160793506
314588,467.7010852278055
314678,381.987584299783
314768,381.9770937931508
314858,380.2455439463975
314948,381.5161196781717
315038,400.65488916417223
315128,433.9683298389421
315218,468.7224094273498
315308,406.7777542446985
315398,380.6756483338533
315488,383.09413193069787
315578,401.6391421028409
315668,411.95294268543
315758,431.8997546252421
315848,464.1031109726672
315938,397.85738685009045
316028,382.38447810383065
316118,396.20675046629833
316208,405.2665418555345
316298,418.8795673496203
316388,442.87869577659603
316478,472.18920777910125
316568,404.42334065829675
316658,385.18147634320906
316748,381.21732820045185
316838,380.2547092557987
316928,415.6699808117156
317018,439.26851757194305
317108,478.99043661369
317198,405.925606789201
317288,386.9291526446517
317378,384.10114458299
317468,401.3065926066513
317558,422.07204922823263
317648,438.8913002186802
317738,487.35435148944913
317828,413.37450720965154
317918,394.73918593883855
318008,387.9377081652757
318098,401.41216734257534
318188,419.0830431128743
318278,440.7903974524186
318368,476.773483834371
318458,401.15930892740033
318548,390.58213142277475
318638,390.21419719032394
318728,404.8726710591886
318818,427.24319284480265
318908,458.3645012363567
318998,485.89051623409296
319088,398.96872764366975
319178,385.5947430940797
319268,381.0907060304922
319358,405.84928963399915
319448,434.9816764481299
319538,455.5280411180721
319628,483.01867621323385
319718,411.1013945980676
319808,386.457740635965
319898,387.38490615151426
319988,401.9391365892029
320078,433.67053445124725
320168,455.4592165665612
320258,504.03707775409794
320348,408.59184722749563
320438,397.2447865795965
320528,397.9873487706985
320618,411.0634600055102
320708,436.9116460880049
320798,457.8825466663433
320888,497.9217065000916
320978,407.3130498315573
321068,400.989627987505
321158,393.82932625341596
321248,409.9967955798266
321338,430.47043757551137
321428,473.2939579990303
321518,491.48460181241086
321608,397.78797254419686
321698,395.2195259267918
321788,399.7793046633401
321878,416.6028449399148
321968,436.2841570924478
322058,470.62939798633505
322148,496.93978996615584
322238,401.62567520537067
322328,384.58386395629844
322418,386.3433141585166
322508,405.1118902614096
322598,424.10255086838686
322688,449.89137868972267
322778,476.06031490426113
322868,402.094179581617
322958,397.68784166329004
323048,395.34601813575154
323138,410.35215661165034
323228,426.81884413957124
323318,449.642007755006
323408,501.08279772616515
323498,401.4643048076677
323588,399.92570106738145
323678,404.95284636710204
323768,391.0543211642661
323858,433.08793730459456
323948,447.0287922817003
324038,470.30914898913267
324128,394.42711394480665
324218,390.3771412038919
324308,384.37295015562347
324398,390.90430474929417
324488,424.1989991175138
324578,447.9321132907059
324668,478.14903770867096
324758,384.12561113858743
324848,386.3462606698691
324938,392.5368957917342
325028,402.82600846192264
325118,423.755385080095
325208,439.1189877056503
325298,471.38168834344987
325388,387.92546545235035
325478,381.5866115772534
325568,399.11658766341003
325658,398.5027259771896
325748,413.6769420323295
325838,454.98966678965496
325928,474.29782490464527
326018,385.2246290665332
326108,390.3675749544035
326198,387.81688498398336
326288,387.6507526332744
326378,418.46836306664534
326468,443.2256314648466
326558,462.04348005831787
326648,383.41673086695096
326738,403.5344735391752
326828,379.7246838502165
326918,402.96568258145095
327008,403.0516643256319
327098,419.76391957892116
327188,454.54960583387196
327278,392.9028099300832
327368,385.20480650206616
327458,398.6059172902412
327548,400.3363546963879
327638,406.1346783520263
327728,437.36504895195816
327818,452.51794425064446
327908,375.7252381484897
327998,389.783154477313
328088,414.6307742575028
328178,429.4176485530584
328268,441.73109712915425
328358,440.1937547268503
328448,459.4405371054418
328538,381.5822819084536
328628,387.45279383370263
